"^	i/FW/nn/3 i/FW/nn/3 "^/FW/dep/0	28	2000,28
"^	i/FW/nn/3 •/FW/nn/3 "^/FW/dep/0	14	2000,14
"e	0/CD/num/3 0/CD/num/3 "e/NNP/dep/0	15	2008,15
#	#/#/ROOT/0 #/#/dep/1 #/#/dep/1	4335	1731,1	1737,3	1760,6	1781,36	1808,10	1813,2	1823,1	1825,6	1830,1	1831,6	1832,3	1834,1	1839,1	1841,2	1842,1	1843,6	1846,1	1855,1	1856,1	1858,1	1859,1	1861,1	1871,6	1872,1	1876,1	1885,1	1887,9	1889,6	1891,1	1892,1	1893,2	1894,3	1900,7	1901,1	1902,11	1903,6	1904,10	1905,5	1906,6	1907,1	1908,8	1909,7	1922,3	1925,3	1926,1	1930,1	1940,2	1950,3	1951,1	1954,1	1956,1	1957,1	1958,1	1959,10	1964,1	1966,1	1967,1	1969,4	1971,3	1972,7	1973,2	1974,11	1975,4	1976,7	1977,46	1978,11	1979,6	1980,3	1981,81	1982,8	1983,4	1984,3	1985,7	1986,15	1987,74	1988,214	1989,1	1990,16	1991,33	1992,17	1993,197	1994,11	1995,11	1996,36	1997,41	1998,9	1999,9	2000,47	2001,219	2002,83	2003,224	2004,50	2005,849	2006,57	2007,853	2008,846
#	#/#/ROOT/0 #/#/dep/1 #/#/dep/2	2510	1731,17	1737,3	1768,2	1799,2	1807,2	1821,2	1831,2	1833,1	1834,5	1839,5	1841,4	1842,3	1843,3	1846,3	1847,4	1851,3	1854,3	1855,9	1856,3	1859,5	1861,1	1871,1	1872,3	1876,8	1877,1	1881,3	1885,2	1886,4	1887,4	1891,1	1892,4	1893,10	1894,10	1896,3	1901,4	1902,8	1904,7	1905,9	1908,1	1926,9	1929,3	1930,1	1932,3	1935,1	1940,6	1942,2	1944,6	1952,3	1956,1	1959,1	1964,4	1966,4	1968,2	1969,3	1972,4	1973,1	1974,25	1975,11	1976,9	1977,36	1978,6	1979,18	1980,4	1982,14	1983,5	1984,13	1985,9	1986,17	1987,21	1988,73	1989,19	1990,83	1991,16	1992,74	1993,13	1994,17	1995,85	1996,92	1997,103	1998,15	1999,28	2000,77	2001,112	2002,88	2003,267	2004,158	2005,161	2006,218	2007,182	2008,222
#	#/#/ROOT/0 #/#/dep/1 **/SYM/dep/1	14	1819,1	1823,1	1861,2	1862,1	1900,1	1909,1	1910,1	1911,1	1974,2	1979,1	1988,1	2002,1
#	#/#/ROOT/0 #/#/dep/1 */SYM/dep/1	41	1731,1	1832,1	1841,2	1842,1	1872,1	1881,1	1882,1	1885,1	1898,1	1900,1	1909,2	1945,1	1976,1	1978,1	1981,12	1991,2	2001,7	2003,1	2008,3
#	#/#/ROOT/0 #/#/dep/1 */SYM/dep/2	21	1760,1	1817,1	1824,1	1828,1	1841,1	1861,1	1871,1	1887,2	1893,1	1894,1	1902,1	1906,1	1951,1	1971,1	2003,1	2005,1	2006,1	2007,3
#	#/#/ROOT/0 #/#/dep/1 0/CD/number/1	19	1988,19
#	#/#/ROOT/0 #/#/dep/1 0000000/CD/number/1	12	1988,12
abounded	abounded/VBD/ccomp/0 in/IN/prep/1 lions/NNS/pobj/2 and/CC/cc/3 beasts/NNS/conj/3	11	1840,4	1841,2	1854,1	1861,1	1864,1	1867,1	2005,1
abounded	abounded/VBD/ccomp/0 in/IN/prep/1 long/JJ/amod/4 grass/NN/pobj/2	24	1898,4	1899,1	1900,2	1909,1	1920,1	1926,1	1966,2	1977,1	1988,2	2006,1	2007,2	2008,6
abounded	abounded/VBD/ccomp/0 in/IN/prep/1 lower/JJR/amod/4 classes/NNS/pobj/2	57	1851,1	1852,1	1853,2	1855,1	1867,1	1891,3	1892,6	1895,2	1896,1	1898,2	1901,2	1903,1	1905,1	1906,1	1907,1	1908,1	1910,2	1920,1	1923,1	1925,1	1928,1	1937,1	1954,1	1972,3	1976,1	1994,1	1995,4	2004,2	2006,3	2007,2	2008,6
abounded	abounded/VBD/ccomp/0 in/IN/prep/1 lowest/JJS/amod/4 strata/NN/pobj/2	22	1809,1	1821,2	1827,1	1851,1	1852,3	1859,3	1871,1	1877,1	1885,1	1962,1	1971,1	1972,1	2004,1	2006,1	2007,1	2008,2
abounded	abounded/VBD/ccomp/0 in/IN/prep/1 many/JJ/amod/4 groups/NNS/pobj/2	12	1887,5	2004,1	2007,2	2008,4
abounded	abounded/VBD/ccomp/0 in/IN/prep/1 means/NN/pobj/2 of/IN/prep/3 defence/NN/pobj/4	23	1852,4	1855,1	1856,1	1860,1	1864,2	1871,1	1876,2	1878,1	1883,3	1888,2	1890,2	1891,1	1967,1	2002,1
abounded	abounded/VBD/ccomp/0 in/IN/prep/1 metaphor/NN/pobj/2 were/VBD/advcl/1	14	1865,1	1873,2	1877,1	1881,1	1882,1	1886,1	1891,1	1894,1	1898,1	1900,1	2007,1	2008,2
abounded	abounded/VBD/ccomp/0 in/IN/prep/1 middle/NNP/nn/4 ages/NNPS/pobj/2	10	1909,1	1913,1	1914,5	1965,1	1991,1	2004,1
abounds	abounds/VBZ/ROOT/0 particularly/RB/advmod/1 in/IN/prep/1 trent/NNP/pobj/3	16	1863,1	1885,5	1889,2	1893,1	1901,1	1903,1	2005,1	2008,4
abounds	abounds/VBZ/ROOT/0 particularly/RB/advmod/3 carp/VB/conj/1 and/CC/cc/1	12	1822,4	1995,2	2004,1	2006,1	2007,2	2008,2
abounds	abounds/VBZ/ROOT/0 particularly/RB/advmod/3 ducks/NNS/dobj/1	18	1824,2	1826,1	1827,4	1829,1	1830,3	1836,1	1838,1	1851,2	1906,2	1996,1
abounds	abounds/VBZ/ROOT/0 particularly/RB/advmod/3 pike/JJ/dep/1	14	1904,4	1922,4	1971,1	2005,1	2006,1	2007,3
abounds	abounds/VBZ/ROOT/0 particularly/RB/advmod/3 salmon/NN/dobj/1	10	1811,2	1873,1	1878,1	1894,2	2004,1	2007,1	2008,2
abounds	abounds/VBZ/ROOT/0 particularly/RB/advmod/3 species/NNS/dobj/1	12	1868,3	1878,4	1891,5
abounds	abounds/VBZ/ROOT/0 particularly/RB/advmod/3 sturgeon/NN/dobj/1	17	1815,2	1826,2	1837,2	1839,1	1850,1	1885,3	1904,1	1907,1	1912,2	1927,2
abounds	abounds/VBZ/ROOT/0 particularly/RB/advmod/3 trout/NN/dobj/1	12	1819,2	1859,1	1860,2	1861,2	1875,1	1969,2	1986,1	2001,1
abounds	abounds/VBZ/ROOT/0 particularly/RB/dep/3 in/IN/conj/1 and/CC/cc/1	11	1794,1	1824,2	1830,3	1831,2	1840,1	1842,1	1856,1
abounds	abounds/VBZ/ROOT/0 passes/VBZ/ccomp/3 have/VBP/ccomp/1	30	1827,1	1850,2	1854,1	1859,1	1862,1	1870,1	1879,3	1889,1	1901,5	1906,9	1907,1	1928,1	1949,1	1966,1	1996,1
about	about/IN/conj/0 us/PRP/pobj/1 and/CC/cc/1 beneath/IN/conj/1	12	1854,1	1867,1	1872,2	1881,3	1892,1	1996,1	2004,1	2005,1	2007,1
about	about/IN/conj/0 us/PRP/pobj/1 fire/NN/dep/2	15	1917,5	1935,1	2007,3	2008,6
about	about/IN/conj/0 us/PRP/pobj/1 is/VBZ/rcmod/2	10	1885,1	1896,1	1903,2	1975,1	1978,1	2007,1	2008,3
about	about/IN/conj/0 us/PRP/pobj/1 monsters/NNS/dep/2	11	1898,7	1899,2	1904,1	1906,1
about	about/IN/conj/0 use/NN/pobj/1 as/IN/prep/2 means/NN/pobj/3	12	1959,5	1986,1	1987,1	1997,2	2004,2	2005,1
about	about/IN/conj/0 use/NN/pobj/1 for/IN/prep/2 purposes/NNS/pobj/3	27	1929,1	1953,2	1968,6	1986,1	1994,1	1996,2	1997,1	2000,2	2001,1	2003,2	2006,2	2007,5	2008,1
about	about/IN/conj/0 use/NN/pobj/1 in/IN/prep/2 general/JJ/pobj/3	11	1931,1	1982,2	1991,1	1998,1	2000,1	2003,2	2004,2	2005,1
about	about/IN/conj/0 use/NN/pobj/1 in/IN/prep/2 particular/JJ/pobj/3	15	1979,2	1994,1	1995,2	2000,7	2001,1	2004,1	2007,1
about	about/IN/conj/0 use/NN/pobj/1 made/VBN/partmod/2	32	1910,1	1953,1	1961,1	1965,2	1968,3	1970,4	1971,2	1973,1	1974,2	1980,2	1981,2	1982,3	1983,1	1986,1	1991,1	1996,1	2003,1	2004,1	2007,2
abrahams	d./NNP/nn/2 abrahams/NNP/ROOT/0 emergence/NN/dep/2	16	1996,5	1998,1	2001,1	2002,1	2003,2	2004,1	2005,3	2007,2
abrahams	d./NNP/nn/2 abrahams/NNP/ROOT/0 folklore/NNP/dep/2	91	1967,2	1973,6	1975,2	1976,3	1977,2	1978,1	1979,1	1981,4	1982,2	1983,1	1984,3	1985,1	1986,2	1987,2	1988,5	1989,3	1990,4	1991,2	1992,3	1993,3	1994,2	1995,1	1996,4	1998,5	1999,6	2000,2	2001,4	2002,1	2003,6	2004,2	2005,2	2006,1	2007,2	2008,1
abrahams	d./NNP/nn/2 abrahams/NNP/ROOT/0 folktales/NNS/appos/2	11	1986,1	1993,1	2000,6	2004,1	2008,2
abrahams	d./NNP/nn/2 abrahams/NNP/ROOT/0 from/IN/dep/2	16	1975,1	1981,4	1982,2	1985,1	1986,1	1987,2	1989,1	1992,1	1998,2	2004,1
abrahams	d./NNP/nn/2 abrahams/NNP/ROOT/0 goldstein/NNP/conj/2 and/CC/cc/2	15	1990,6	1992,3	1995,2	1996,1	1999,3
abrahams	d./NNP/nn/2 abrahams/NNP/ROOT/0 p/NN/appos/2	56	1972,2	1973,6	1975,1	1977,5	1981,3	1984,2	1986,1	1988,1	1989,3	1990,2	1991,3	1993,2	1994,2	1995,2	1996,5	1997,8	1998,3	1999,1	2000,3	2007,1
abrahams	d./NNP/nn/2 abrahams/NNP/ROOT/0 remarks/NNS/appos/2	15	1972,4	1978,2	1979,1	1981,1	1982,1	1986,1	2000,2	2004,3
abrahams	d./NNP/nn/2 abrahams/NNP/ROOT/0 rev/UH/dep/2	11	1975,1	1981,3	1982,2	1987,2	1989,1	1998,1	2004,1
abrahams	d./NNP/nn/2 abrahams/NNP/ROOT/0 singing/VBG/partmod/2	16	1996,5	1998,1	2001,1	2002,1	2003,2	2004,1	2005,3	2007,2
abrahams	d./NNP/nn/2 abrahams/NNP/ROOT/0 style/NNP/appos/2	29	1978,3	1986,1	1988,2	1989,1	1990,1	1993,3	1994,1	1995,1	1997,1	1998,2	1999,2	2000,2	2001,1	2002,5	2004,1	2005,2
account	account/NN/pobj/0 of/IN/prep/1 reaction/NN/pobj/2 of/IN/prep/3 dreams/NNS/pobj/4	13	1881,4	1882,2	1887,1	1891,1	2006,2	2007,2	2008,1
account	account/NN/pobj/0 of/IN/prep/1 reaction/NN/pobj/2 to/TO/prep/3 book/NN/pobj/4	14	1967,1	1969,2	1977,2	1980,1	1983,1	1987,4	1992,1	2004,2
account	account/NN/pobj/0 of/IN/prep/1 reaction/NN/pobj/2 to/TO/prep/3 death/NN/pobj/4	17	1960,3	1962,1	1973,1	1991,1	1993,1	1994,1	1998,1	1999,1	2000,2	2004,1	2007,1	2008,3
